9
224444088
310
25556 6667777803388833777999092999093306255330335553322287774442224448999086663299903399222337803336667770844330336337774 444664077733663392 2255533777702663066882225553327770788 87777066688 8022266622220266307777666094428093307773304666444664086660442888330866603666028020455566622 255507777222 2555330444
410
25556 6667777803388833777999092999093306255330335553322287774442224448999086663299903399222337803336667770844330336337774 444664077733663392 2255533777702663066882225553327770788 87777066688 8022266622220266307777666094428093307773304666444664086660442888330866603666028020455566622 255507777222 2555330444777702227773328330206633907777999777783360266307777666093306633 33 303366337774999064447772 222555337777
1448
 8888888884444444444444444444444 4444444444444444444 7777777777777777777000 444444444447777777777777777777022222222200000 77777777777777777777777777777 4444444 666666666 777777 55555555555555533333333333333 00000000077777777777777 6 777777777777770000000000088888888888883333337777777777777777777 888888888888888888888 0000000000077777777777777777774444444444 666 7777777788888 3333333333333377777777777770 888888888444444444422222222266666666666666 000 11166666666666600 0000000 2222222 44 2 777 7777 000 222222222222266666666666666 333333333000 8888888888888888887777777777777777777777777777733333333333333 3333333333333333333330888888888888888888888 6666666666666666666 0000000888888888888888888822222 5555555555555555555 444 3333333333333222222222 888888888 3333333333333333333333 0 888888888888888888888 444444333333 0 222222222222222 666 333333333 33 00000000000 2222222222222222266666677777777777777777777777777777999999999993333333333333333333333777777770000000 66666663333333333333333333 00000008888844444444444444 333333333333333333333300000 33 99 3333333333 777777777777722222222222 444444444444444 777777777 3333333333333333333333000000000 999999 444444444444444888888888888888884444444444 00000777777777777777777777777777888888444 888888888 33333333333333 000000000 222222222 555 5555555555555550000000888888888888888888888333333333333337777888888888888888888888 00000000022222222222 22222 777777777777777777733777777777777777777777777
14
4433555 555666
11
62777666222
3
623
